$ 1 0.000005 3.9121283998153213 60 5 43 5e-11
R 48 -48 -64 -48 0 0 40 12 0 0 0.5
f 480 128 432 128 33 5 0.2
f 480 272 432 272 32 5 0.2
f 112 128 160 128 33 5 0.2
f 112 272 160 272 0 5 0.2
t 576 288 544 288 0 1 0.6328912761869643 0.6572618347071798 100 default
t 16 288 48 288 0 1 -11.757365142765778 0.24262880997802247 100 default
r 112 64 112 128 0 5000
r 480 80 480 128 0 5000
w 208 64 304 64 0
w 304 64 304 48 0
w 304 64 384 64 0
w 480 64 480 80 0
w 160 112 160 64 0
w 432 112 432 64 0
w 432 64 480 64 0
w 160 64 112 64 0
g 48 304 48 320 0 0
g 544 304 544 320 0 0
r -48 288 16 288 0 1000
w 160 144 160 208 0
w 160 208 208 208 0
w 240 208 208 208 0
w 352 208 384 208 0
w 384 208 432 208 0
w 432 208 432 256 0
w 432 288 432 320 0
w 432 320 384 320 0
w 384 320 304 320 0
w 304 320 208 320 0
w 208 320 160 320 0
g 304 320 304 352 0 0
w 432 144 432 208 0
w 160 256 160 208 0
w 160 288 160 320 0
r 576 288 640 288 0 1000
w 112 128 112 272 0
w -48 144 -48 288 0
w 480 128 480 272 0
34 fwdrop\q0.806 1 1.7143528192810002e-7 0 2.0000000000000084 0 1
d 208 208 208 64 2 fwdrop\q0.806
d 384 208 384 64 2 default
d 208 320 208 208 2 default
w 384 64 432 64 0
w 160 64 208 64 0
d 384 320 384 208 2 default
s -192 144 -48 144 0 1 false
s -192 192 -96 192 0 0 false
w 640 288 640 384 0
w 640 384 -96 384 0
w -96 384 -96 192 0
R -192 144 -224 144 0 0 40 5 0 0 0.5
R -192 192 -224 192 0 0 40 5 0 0 0.5
w 48 -48 96 -48 0
w 96 -48 96 32 0
w 304 32 304 48 0
w 96 32 304 32 0
r 240 208 272 208 0 300
l 272 208 352 208 0 1 -0.03980970085428691 0
w 48 272 112 272 0
w 480 272 544 272 0
